.Random.seed <-
c(403L, 12L, -1140426798L, 1568905037L, 1530349063L, -467970578L, 
964976840L, 946843595L, -1675113943L, 1217919096L, 1671853478L, 
-1177452607L, 1376969811L, 503335682L, -434221516L, 1828899767L, 
-1399366739L, -943435580L, -7346966L, 1646947157L, -1288200977L, 
1861268214L, -628031968L, -1295367197L, 2117945473L, -775629072L, 
1889088910L, -1566409991L, -907331445L, 1128022202L, -168029252L, 
-708966145L, 1147051093L, -1338808468L, -1998252094L, -1591042019L, 
66052247L, -328622594L, 976154040L, 1850024347L, -1920555015L, 
42446664L, 582417014L, -1477495887L, -1705529885L, -1722748238L, 
463212292L, 635745351L, -1052196067L, 425105812L, -1553769158L, 
2111488389L, -222195105L, -1473923866L, -224721040L, -511506285L, 
-232192719L, -1462660128L, -316866434L, -920462583L, 1027816763L, 
-474787574L, 1742733548L, -1508496017L, 2053927589L, 1873693788L, 
260164658L, 782617389L, -481308185L, 141585678L, -809876760L, 
265620715L, 1325745545L, 1197380888L, -793700282L, 1490698401L, 
-330447053L, -162900318L, 1097098644L, -1820005353L, -980878323L, 
-1558292188L, 1458582794L, 195466357L, 1205632975L, 479535318L, 
-298311552L, 1262264003L, 1001482337L, 1376016592L, 1450119726L, 
144995289L, -792396821L, 778836570L, 643132444L, -719455969L, 
-1958778507L, 26929164L, -1996000798L, -874067267L, 86738231L, 
1738762718L, 60698392L, -810326405L, -1433770983L, -1423043416L, 
-514347434L, -1650930991L, -118150525L, 723771666L, -420494172L, 
-787868569L, 374939069L, -1489313996L, -1481016166L, 187777765L, 
-1521861505L, 1484224006L, 305938832L, 1566735411L, -1044311087L, 
-479831680L, 1786770526L, -1667292247L, -1662223781L, 2016419434L, 
-643374324L, 1945158991L, -210846203L, -1737046852L, -171887214L, 
-10719603L, 798090439L, -2067365458L, 761244680L, 1910759435L, 
-221948695L, 1227092920L, -324256666L, -835969791L, -293078125L, 
28941378L, -862280716L, -173150729L, 340128237L, 136675972L, 
213431466L, -146234859L, 408231599L, 242064566L, 1187244768L, 
355505699L, 288102721L, -1369717712L, 1765580366L, -1469035847L, 
969322187L, 1681037178L, 816340604L, -1460708673L, -134530155L, 
591362988L, 881947010L, -831670435L, 724752983L, 1928646974L, 
972288376L, 320014939L, -1957364295L, -717938680L, -2117573962L, 
1971714545L, -1421610973L, 1349390450L, -1655213372L, 593257607L, 
1117460573L, -522387884L, -2080670598L, 979822533L, 970172703L, 
1491806374L, 869501488L, -1893527341L, -1913151759L, 1370144288L, 
391530686L, -387035959L, 2140268155L, -1668520886L, -680285012L, 
1338440623L, 744488805L, 199791900L, 1267121522L, -293095955L, 
949508647L, -1212024242L, 1934343848L, -432024405L, 1523815881L, 
1620515288L, -404778874L, -1842078367L, 486355187L, -46235806L, 
1855830484L, 573148375L, -311374131L, -1038965148L, 157754442L, 
2062578101L, 2065923343L, 1207106070L, -516057920L, -601673085L, 
-2002411871L, -1658384240L, -1312621714L, 407758105L, 2085492139L, 
1383953306L, -461034660L, -353768865L, 1115771445L, 1404254668L, 
-41447134L, -1375644803L, 107032695L, -469326548L, -1831404300L, 
327426962L, 74845280L, 893524236L, -1450874144L, -814901918L, 
-1993386328L, 926428748L, 163427196L, 775552818L, -46062992L, 
-524234428L, -1715197992L, -1456278406L, 1102993968L, -1007604036L, 
-687423660L, -1542123966L, -315146336L, -1592968004L, 1762669008L, 
128307554L, 808101864L, 2063530956L, 326192892L, -1417034766L, 
-776637312L, -90144524L, 525475976L, 640274746L, 1558016848L, 
-1945108372L, 973593748L, 739534162L, 43725536L, 1552362700L, 
-1585750880L, -1380098686L, -843723544L, 1072606444L, 744138812L, 
-766063502L, 486030448L, 1251340836L, -552184264L, -1727131110L, 
-1710779184L, -981834180L, -504635244L, -544330622L, 625413056L, 
-114495172L, 144027280L, -1808333790L, 2097082376L, -1933020020L, 
1945797660L, 1191506066L, 606184576L, 998530068L, 1292998440L, 
507627578L, -216958768L, 629241964L, -675656012L, -153129966L, 
-1912974368L, -1940937780L, -542793248L, 59598882L, -10525400L, 
-48910068L, -747855300L, -761628430L, 671137008L, 137189188L, 
1351490648L, -198347206L, 165515504L, 1590769340L, -503836140L, 
877427906L, -669349280L, -1245109892L, -1927263024L, 1955948578L, 
-15305560L, 964977036L, -643821124L, -76133326L, -30894272L, 
681611956L, 2072395080L, -105326918L, -2083306736L, -1270294292L, 
1602251860L, 1800702738L, -1020203616L, 671676364L, 1058648928L, 
-1854890814L, 1297203752L, -1468465748L, 313756476L, -942727310L, 
-27246800L, -85490652L, 1449165368L, 559204058L, 1536263056L, 
-998549252L, -1332764268L, -2069535934L, -1296197120L, 2080941116L, 
-1847891376L, -1967684446L, 829814600L, 1227505164L, 1960623836L, 
-1530675118L, -2054438784L, -1210344620L, -82467864L, -155196678L, 
1713446736L, -1093877716L, 1664266612L, 440636050L, 1647190624L, 
1999045772L, -1822755488L, -895153950L, -1245052760L, -452433204L, 
1888396796L, -2093793358L, -1821992976L, -416709180L, 1362319704L, 
663631226L, -963500624L, 1552951740L, 1943403092L, 774688194L, 
-1244464352L, 2091666364L, -607534000L, 1187897314L, 718676840L, 
704440140L, 674298620L, 1586264818L, -355340032L, 147756148L, 
1568528904L, -1951553094L, -220612144L, 32959468L, 1985562516L, 
128199890L, -1106163616L, 980721996L, -927308000L, -86988158L, 
983517672L, -546843668L, -595468740L, -1617913230L, -43671696L, 
-840789724L, -129167816L, 464543130L, 1714206160L, -1183116868L, 
-1352752492L, 1290335874L, -2048912960L, 1566490428L, 838514320L, 
-1698295006L, -334019064L, 897660684L, 643413916L, 2030166034L, 
496345984L, -143761644L, -405092056L, 909942842L, -567666736L, 
1057892972L, 799312948L, 1631638674L, 1855405408L, 2095411532L, 
1079536096L, 1742831522L, -1148743768L, -1440549748L, 2101031868L, 
434051186L, 618607600L, 937541700L, -817327016L, -1828155334L, 
1496809584L, 747811388L, -683951340L, 325287618L, -1581564192L, 
-817613700L, 6340816L, -627805278L, 204034600L, -1954274036L, 
-1557636164L, 1438991666L, -483029824L, -343155148L, 892966600L, 
1220712122L, -1485496176L, -350520596L, 1215933012L, 214044306L, 
818015122L, -821175456L, -73816375L, 1397627387L, -354974260L, 
-625212326L, 1211251023L, -603740135L, -1835569618L, 63919164L, 
-1406131795L, -574737833L, 1240501152L, -227528450L, 196293579L, 
1580066253L, 1358170362L, -1020896456L, 1396824289L, -1701192813L, 
1691606964L, 1688904898L, -744478505L, 1507988769L, -94235418L, 
2010415588L, 568491285L, -839469761L, 2004871384L, 1619179766L, 
-1251482877L, 249459781L, 264572002L, 956271568L, -1584627463L, 
1673849387L, -1258130020L, -1586197046L, 520289983L, -322297847L, 
-641793762L, 1918862540L, 1896042653L, 2029217063L, -1704216752L, 
-437143058L, 1656245915L, -1421541123L, 879831018L, -830152568L, 
1501961777L, 959674531L, 106638500L, 1900744018L, 1147422887L, 
1512758513L, 518614070L, 1169425620L, -467466139L, 1653535343L, 
-1169347416L, 1734216198L, -828159181L, -1173184619L, -290817038L, 
-565702592L, 1259057577L, -1366532069L, 251743724L, -477549062L, 
-463054289L, -738617799L, 184844366L, -1745622884L, 527051277L, 
2028570231L, -1939448192L, 1211317470L, 1740251051L, 814026925L, 
-1390869222L, -407379496L, -1133028799L, -481029901L, 2057285396L, 
-58767710L, -896991305L, -1188050047L, -896468602L, -1764418620L, 
2127005429L, -1678109857L, -1883210312L, 499369110L, 220674723L, 
-849175451L, 1098746242L, 741692144L, -391559527L, -2005415285L, 
-48051332L, 975318442L, 518014431L, 847237993L, 1903514494L, 
1981729644L, 1972846525L, -1467708281L, 1175715952L, 1983851278L, 
-919320517L, 1114638109L, 1823253962L, -1541398808L, 559706577L, 
-2018196541L, -288432956L, -314793102L, 1078722119L, 49323537L, 
-509251690L, 89772788L, 666293381L, -26048049L, 1450482888L, 
-490074778L, 1832824723L, 775549173L, 1208760530L, 337528608L, 
-291723511L, 1320194107L, -766392948L, -575407078L, 1547464847L, 
-764721191L, 137832558L, 706063356L, 1641789805L, -667987177L, 
